Temperature, 201601010000, 52.25, 62.75, 249.600000
Temperature, 201601010000, 52.25, 63.0, 250.700000
Temperature, 201601010000, 52.25, 63.25, 251.900000
Temperature, 201601010000, 52.25, 63.5, 253.300000
Temperature, 201601010000, 52.25, 63.75, 253.600000
Temperature, 201601010000, 52.25, 64.0, 253.900000
Temperature, 201601010000, 52.25, 64.25, 254.300000
Temperature, 201601010000, 52.25, 64.5, 254.600000
Temperature, 201601010000, 52.25, 64.75, 254.100000
Temperature, 201601010000, 52.25, 65.0, 252.600000
Temperature, 201601010000, 52.25, 65.25, 252.300000
Temperature, 201601010000, 52.25, 65.5, 252.400000
Temperature, 201601010000, 52.25, 65.75, 252.600000
Temperature, 201601010000, 52.25, 66.0, 252.900000
Temperature, 201601010000, 52.25, 66.25, 253.300000
Temperature, 201601010000, 52.25, 66.5, 253.700000
Temperature, 201601010000, 52.25, 66.75, 253.800000
Temperature, 201601010000, 52.25, 67.0, 253.800000
Temperature, 201601010000, 52.25, 67.25, 253.600000
Temperature, 201601010000, 52.25, 67.5, 253.300000
Temperature, 201601010000, 52.25, 67.75, 252.800000
Temperature, 201601010000, 52.25, 68.0, 252.600000
Temperature, 201601010000, 52.25, 68.25, 252.300000
Temperature, 201601010000, 52.25, 68.5, 252.000000
Temperature, 201601010000, 52.25, 68.75, 251.700000
Temperature, 201601010000, 52.25, 69.0, 251.400000
Temperature, 201601010000, 52.25, 69.25, 250.900000
Temperature, 201601010000, 52.25, 69.5, 250.500000
Temperature, 201601010000, 52.25, 69.75, 250.100000
Temperature, 201601010000, 52.25, 70.0, 249.700000
Temperature, 201601010000, 52.25, 70.25, 249.300000
Temperature, 201601010000, 52.25, 70.5, 248.900000
Temperature, 201601010000, 52.25, 70.75, 248.800000
Temperature, 201601010000, 52.25, 71.0, 249.100000
Temperature, 201601010000, 52.25, 71.25, 249.800000
Temperature, 201601010000, 52.25, 71.5, 252.000000
Temperature, 201601010000, 52.25, 71.75, 252.000000
Temperature, 201601010000, 52.25, 72.0, 251.700000
Temperature, 201601010000, 52.25, 72.25, 251.400000
Temperature, 201601010000, 52.25, 72.5, 251.200000
Temperature, 201601010000, 52.25, 72.75, 248.900000
Temperature, 201601010000, 52.25, 73.0, 248.900000
Temperature, 201601010000, 52.25, 73.25, 249.400000
Temperature, 201601010000, 52.25, 73.5, 250.700000
Temperature, 201601010000, 52.5, 62.75, 248.400000
Temperature, 201601010000, 52.5, 63.0, 249.100000
Temperature, 201601010000, 52.5, 63.25, 249.500000
Temperature, 201601010000, 52.5, 63.5, 249.700000
Temperature, 201601010000, 52.5, 63.75, 250.100000
Temperature, 201601010000, 52.5, 64.0, 250.700000
Temperature, 201601010000, 52.5, 64.25, 252.500000
Temperature, 201601010000, 52.5, 64.5, 253.500000
Temperature, 201601010000, 52.5, 64.75, 253.500000
Temperature, 201601010000, 52.5, 65.0, 253.300000
Temperature, 201601010000, 52.5, 65.25, 252.600000
Temperature, 201601010000, 52.5, 65.5, 251.600000
Temperature, 201601010000, 52.5, 65.75, 251.400000
Temperature, 201601010000, 52.5, 66.0, 251.600000
Temperature, 201601010000, 52.5, 66.25, 251.900000
Temperature, 201601010000, 52.5, 66.5, 252.100000
Temperature, 201601010000, 52.5, 66.75, 252.200000
Temperature, 201601010000, 52.5, 67.0, 252.300000
Temperature, 201601010000, 52.5, 67.25, 252.200000
Temperature, 201601010000, 52.5, 67.5, 251.900000
Temperature, 201601010000, 52.5, 67.75, 251.600000
Temperature, 201601010000, 52.5, 68.0, 251.400000
Temperature, 201601010000, 52.5, 68.25, 251.300000
Temperature, 201601010000, 52.5, 68.5, 251.100000
Temperature, 201601010000, 52.5, 68.75, 250.800000
Temperature, 201601010000, 52.5, 69.0, 250.600000
Temperature, 201601010000, 52.5, 69.25, 250.400000
Temperature, 201601010000, 52.5, 69.5, 250.400000
Temperature, 201601010000, 52.5, 69.75, 249.400000
Temperature, 201601010000, 52.5, 70.0, 249.000000
Temperature, 201601010000, 52.5, 70.25, 248.800000
Temperature, 201601010000, 52.5, 70.5, 248.200000
Temperature, 201601010000, 52.5, 70.75, 247.900000
Temperature, 201601010000, 52.5, 71.0, 248.000000
Temperature, 201601010000, 52.5, 71.25, 248.100000
Temperature, 201601010000, 52.5, 71.5, 248.900000
Temperature, 201601010000, 52.5, 71.75, 251.000000
Temperature, 201601010000, 52.5, 72.0, 251.200000
Temperature, 201601010000, 52.5, 72.25, 250.800000
Temperature, 201601010000, 52.5, 72.5, 250.400000
Temperature, 201601010000, 52.5, 72.75, 248.500000
Temperature, 201601010000, 52.5, 73.0, 247.400000
Temperature, 201601010000, 52.5, 73.25, 248.000000
Temperature, 201601010000, 52.5, 73.5, 248.700000
Temperature, 201601010000, 52.75, 62.75, 247.700000
Temperature, 201601010000, 52.75, 63.0, 247.700000
Temperature, 201601010000, 52.75, 63.25, 247.800000
Temperature, 201601010000, 52.75, 63.5, 247.900000
Temperature, 201601010000, 52.75, 63.75, 248.500000
Temperature, 201601010000, 52.75, 64.0, 249.600000
Temperature, 201601010000, 52.75, 64.25, 250.100000
Temperature, 201601010000, 52.75, 64.5, 250.800000
Temperature, 201601010000, 52.75, 64.75, 252.000000
Temperature, 201601010000, 52.75, 65.0, 252.100000
Temperature, 201601010000, 52.75, 65.25, 252.000000
Temperature, 201601010000, 52.75, 65.5, 251.700000
Temperature, 201601010000, 52.75, 65.75, 251.400000
Temperature, 201601010000, 52.75, 66.0, 251.600000
Temperature, 201601010000, 52.75, 66.25, 251.800000
Temperature, 201601010000, 52.75, 66.5, 251.900000
Temperature, 201601010000, 52.75, 66.75, 251.700000
Temperature, 201601010000, 52.75, 67.0, 250.800000
Temperature, 201601010000, 52.75, 67.25, 250.400000
Temperature, 201601010000, 52.75, 67.5, 250.200000
Temperature, 201601010000, 52.75, 67.75, 250.100000
Temperature, 201601010000, 52.75, 68.0, 250.100000
Temperature, 201601010000, 52.75, 68.25, 249.800000
Temperature, 201601010000, 52.75, 68.5, 249.300000
Temperature, 201601010000, 52.75, 68.75, 248.800000
Temperature, 201601010000, 52.75, 69.0, 248.400000
Temperature, 201601010000, 52.75, 69.25, 248.200000
Temperature, 201601010000, 52.75, 69.5, 248.000000
Temperature, 201601010000, 52.75, 69.75, 247.800000
Temperature, 201601010000, 52.75, 70.0, 247.800000
Temperature, 201601010000, 52.75, 70.25, 247.700000
Temperature, 201601010000, 52.75, 70.5, 247.500000
Temperature, 201601010000, 52.75, 70.75, 247.200000
Temperature, 201601010000, 52.75, 71.0, 247.100000
Temperature, 201601010000, 52.75, 71.25, 247.300000
Temperature, 201601010000, 52.75, 71.5, 248.800000
Temperature, 201601010000, 52.75, 71.75, 251.400000
Temperature, 201601010000, 52.75, 72.0, 250.800000
Temperature, 201601010000, 52.75, 72.25, 250.400000
Temperature, 201601010000, 52.75, 72.5, 250.100000
Temperature, 201601010000, 52.75, 72.75, 249.800000
Temperature, 201601010000, 52.75, 73.0, 247.500000
Temperature, 201601010000, 52.75, 73.25, 247.100000
Temperature, 201601010000, 52.75, 73.5, 247.400000
Temperature, 201601010000, 53.0, 62.75, 247.300000
Temperature, 201601010000, 53.0, 63.0, 247.200000
Temperature, 201601010000, 53.0, 63.25, 247.000000
Temperature, 201601010000, 53.0, 63.5, 246.900000
Temperature, 201601010000, 53.0, 63.75, 246.800000
Temperature, 201601010000, 53.0, 64.0, 247.000000
Temperature, 201601010000, 53.0, 64.25, 247.300000
Temperature, 201601010000, 53.0, 64.5, 247.800000
Temperature, 201601010000, 53.0, 64.75, 248.700000
Temperature, 201601010000, 53.0, 65.0, 250.200000
Temperature, 201601010000, 53.0, 65.25, 250.400000
Temperature, 201601010000, 53.0, 65.5, 250.300000
Temperature, 201601010000, 53.0, 65.75, 250.000000
Temperature, 201601010000, 53.0, 66.0, 250.100000
Temperature, 201601010000, 53.0, 66.25, 250.400000
Temperature, 201601010000, 53.0, 66.5, 250.400000
Temperature, 201601010000, 53.0, 66.75, 250.500000
Temperature, 201601010000, 53.0, 67.0, 250.100000
Temperature, 201601010000, 53.0, 67.25, 249.000000
Temperature, 201601010000, 53.0, 67.5, 248.200000
Temperature, 201601010000, 53.0, 67.75, 248.300000
Temperature, 201601010000, 53.0, 68.0, 247.900000
Temperature, 201601010000, 53.0, 68.25, 247.300000
Temperature, 201601010000, 53.0, 68.5, 246.800000
Temperature, 201601010000, 53.0, 68.75, 245.900000
Temperature, 201601010000, 53.0, 69.0, 245.600000
Temperature, 201601010000, 53.0, 69.25, 245.400000
Temperature, 201601010000, 53.0, 69.5, 245.400000
Temperature, 201601010000, 53.0, 69.75, 245.400000
Temperature, 201601010000, 53.0, 70.0, 245.500000
Temperature, 201601010000, 53.0, 70.25, 245.800000
Temperature, 201601010000, 53.0, 70.5, 246.000000
Temperature, 201601010000, 53.0, 70.75, 246.300000
Temperature, 201601010000, 53.0, 71.0, 246.700000
Temperature, 201601010000, 53.0, 71.25, 247.600000
Temperature, 201601010000, 53.0, 71.5, 251.000000
Temperature, 201601010000, 53.0, 71.75, 251.000000
Temperature, 201601010000, 53.0, 72.0, 250.700000
Temperature, 201601010000, 53.0, 72.25, 250.400000
Temperature, 201601010000, 53.0, 72.5, 250.400000
Temperature, 201601010000, 53.0, 72.75, 250.400000
Temperature, 201601010000, 53.0, 73.0, 250.400000
Temperature, 201601010000, 53.0, 73.25, 250.300000
Temperature, 201601010000, 53.0, 73.5, 250.100000
Temperature, 201601010000, 53.25, 62.75, 246.500000
Temperature, 201601010000, 53.25, 63.0, 246.500000
Temperature, 201601010000, 53.25, 63.25, 246.100000
Temperature, 201601010000, 53.25, 63.5, 245.800000
Temperature, 201601010000, 53.25, 63.75, 245.600000
Temperature, 201601010000, 53.25, 64.0, 245.400000
Temperature, 201601010000, 53.25, 64.25, 245.500000
Temperature, 201601010000, 53.25, 64.5, 245.800000
Temperature, 201601010000, 53.25, 64.75, 247.000000
Temperature, 201601010000, 53.25, 65.0, 248.500000
Temperature, 201601010000, 53.25, 65.25, 248.900000
Temperature, 201601010000, 53.25, 65.5, 248.900000
Temperature, 201601010000, 53.25, 65.75, 249.000000
Temperature, 201601010000, 53.25, 66.0, 249.000000
Temperature, 201601010000, 53.25, 66.25, 249.200000
Temperature, 201601010000, 53.25, 66.5, 249.400000
Temperature, 201601010000, 53.25, 66.75, 249.400000
Temperature, 201601010000, 53.25, 67.0, 249.200000
Temperature, 201601010000, 53.25, 67.25, 248.900000
Temperature, 201601010000, 53.25, 67.5, 247.300000
Temperature, 201601010000, 53.25, 67.75, 246.700000
Temperature, 201601010000, 53.25, 68.0, 246.000000
Temperature, 201601010000, 53.25, 68.25, 245.600000
Temperature, 201601010000, 53.25, 68.5, 244.800000
Temperature, 201601010000, 53.25, 68.75, 244.100000
Temperature, 201601010000, 53.25, 69.0, 243.900000
Temperature, 201601010000, 53.25, 69.25, 243.900000
Temperature, 201601010000, 53.25, 69.5, 243.500000
Temperature, 201601010000, 53.25, 69.75, 243.600000
Temperature, 201601010000, 53.25, 70.0, 243.800000
Temperature, 201601010000, 53.25, 70.25, 244.100000
Temperature, 201601010000, 53.25, 70.5, 244.500000
Temperature, 201601010000, 53.25, 70.75, 245.200000
Temperature, 201601010000, 53.25, 71.0, 248.700000
Temperature, 201601010000, 53.25, 71.25, 250.600000
Temperature, 201601010000, 53.25, 71.5, 250.100000
Temperature, 201601010000, 53.25, 71.75, 250.200000
Temperature, 201601010000, 53.25, 72.0, 250.200000
Temperature, 201601010000, 53.25, 72.25, 250.100000
Temperature, 201601010000, 53.25, 72.5, 250.100000
Temperature, 201601010000, 53.25, 72.75, 250.100000
Temperature, 201601010000, 53.25, 73.0, 249.900000
Temperature, 201601010000, 53.25, 73.25, 247.900000
Temperature, 201601010000, 53.25, 73.5, 246.300000
